0 XW-2D
1 40907U 15049J   23002.51630061  .00010641  00000-0  45984-3 0  9993
2 40907  97.4947   9.8791 0013187  26.7379 125.1827 15.22582837403220
0 XW-2A
1 40903U 15049E   23002.50497661  .00063152  00000-0  60520-3 0  9993
2 40903  97.1500  67.4431 0008210  97.1448  26.1469 15.66425123410265
0 XW-2F
1 40910U 15049M   23002.49963047  .00017519  00000-0  65147-3 0  9991
2 40910  97.4714  14.1573 0012040   4.6619 147.2715 15.27514969403511
0 XW-2B
1 40911U 15049N   23002.49206282  .00010420  00000-0  45238-3 0  9996
2 40911  97.4929  10.3808 0013049  27.9162 123.6171 15.22434608403105
0 XW-2C
1 40906U 15049H   23002.46831024  .00009135  00000-0  40732-3 0  9990
2 40906  97.4958   9.6361 0014312  30.2059 125.5308 15.21544873403155
0 AO-95
1 43770U 18099N   23002.45394997  .00004673  00000-0  40412-3 0  9999
2 43770  97.5980  68.5042 0012718 334.0186  26.0397 14.97593659222786
0 UVSQ-SAT
1 47438U 21006AB  23002.43120286  .00010996  00000-0  53471-3 0  9996
2 47438  97.4126  62.3938 0009953 308.6293  51.4049 15.18539406107446
0 ISS (ZARYA)
1 25544U 98067A   23002.42722733  .00017455  00000-0  31461-3 0  9997
2 25544  51.6446  69.6092 0005127 215.2634 232.7755 15.49857705376084
0 SAUDISAT 1C
1 27607U 02058C   23002.41126554  .00001533  00000-0  22830-3 0  9992
2 27607  64.5552  52.8975 0080252 256.8231 102.3908 14.76541304 77957
0 OSCAR 7
1  7530U 74089B   23002.38684134 -.00000021  00000-0  15683-3 0  9997
2  7530 101.9304 348.0615 0012359  21.6853 151.0567 12.53659814202639
0 ZHUHAI-1 01
1 42761U 17034D   23002.36534025  .00007438  00000-0  41560-3 0  9991
2 42761  43.0185 313.6319 0009265 110.4069  32.1833 15.13870818306485
0 EYESAT A
1 22825U 93061C   23002.34105105  .00000128  00000-0  67320-4 0  9997
2 22825  98.8655  42.3631 0008346 185.1095 175.0003 14.30224015526855
0 ZHUHAI-1 02
1 42759U 17034B   23002.33996216  .00007358  00000-0  41249-3 0  9994
2 42759  43.0185 315.1367 0008752 109.0316  26.5847 15.13767593306477
0 CSS (TIANHE-1)
1 48274U 21035A   23002.30306213  .00012131  00000-0  14916-3 0  9993
2 48274  41.4764  86.8679 0005804 260.7607 147.5089 15.60077615 95895
0 XW-2E
1 40909U 15049L   23002.30024304  .00017505  00000-0  64037-3 0  9995
2 40909  97.4628  14.7701 0010980   3.9759 122.7885 15.28066683403725
0 ES'HAIL 2
1 43700U 18090A   23002.28104946  .00000155  00000-0  00000+0 0  9993
2 43700   0.0035 103.5832 0001838 214.7651 270.2504  1.00271759 15268
0 TEVEL 8
1 50989U 22002F   23002.27121344  .00012256  00000-0  60946-3 0  9992
2 50989  97.4604  71.1065 0010327  91.9795 341.3825 15.17730235 53532
0 JAS 2
1 24278U 96046B   23002.26555648 -.00000005  00000-0  27709-4 0  9991
2 24278  98.5146   3.5633 0351096 127.2915 236.0782 13.53126781302740
0 LILACSAT 2
1 40908U 15049K   23002.25437109  .00004849  00000-0  24690-3 0  9997
2 40908  97.5229   6.1132 0016203  51.5925  78.1560 15.17163052402610
0 XW-3 (CAS 9)
1 50466U 21131B   23002.23812133  .00000396  00000-0  14383-3 0  9999
2 50466  98.5667  84.2544 0003521 273.7127  86.3658 14.38608998 53494
0 LAPAN A2
1 40931U 15052B   23002.19414656  .00001020  00000-0  52493-4 0  9993
2 40931   5.9984 191.2132 0012303 103.2850 256.8861 14.76958053392773
0 AO-92
1 43137U 18004AC  23002.18498043  .00019147  00000-0  57617-3 0  9996
2 43137  97.3507  80.9273 0007602  25.9203 334.2419 15.34382763276751
0 FUNCUBE 1
1 39444U 13066AE  23002.17436962  .00003593  00000-0  42048-3 0  9996
2 39444  97.6505 332.5384 0056907  99.3683 261.3973 14.84492769491583
0 TEVEL 6
1 50999U 22002R   23002.02265341  .00012722  00000-0  62090-3 0  9992
2 50999  97.4580  71.0434 0011863  91.0056  29.1816 15.18357867 53518
0 TEVEL 4
1 51063U 22002CH  23002.02017656  .00012135  00000-0  60389-3 0  9996
2 51063  97.4596  70.8313 0010409  93.7574  26.2579 15.17703518 53498
0 OBJECT C
1 54684U 22167C   23002.01696791  .00008542  00000-0  54160-3 0  9999
2 54684  97.5379 141.5985 0014495 182.4823 312.4580 15.09079496  3571
0 DIWATA 2B
1 43678U 18084H   23001.98295156  .00000958  00000-0  98839-4 0  9993
2 43678  97.9956 142.9773 0009828 358.8948   1.2233 14.92596537227463
0 JY1SAT
1 43803U 18099AX  23001.97302606  .00004539  00000-0  38518-3 0  9993
2 43803  97.5965  68.8907 0013598 322.8610  37.1671 14.98340446222786
0 TEVEL 5
1 50998U 22002Q   23001.96739824  .00012678  00000-0  61891-3 0  9993
2 50998  97.4580  70.9926 0011956  91.6657  81.0392 15.18348948 53502
0 TEVEL 2
1 51069U 22002CP  23001.94942831  .00012298  00000-0  61072-3 0  9994
2 51069  97.4582  70.7288 0010230  94.4096  78.2832 15.17775947 53481
0 TEVEL 3
1 50988U 22002E   23001.94796679  .00012261  00000-0  60884-3 0  9990
2 50988  97.4592  70.7481 0010413  95.8999  78.7837 15.17778998 53485
0 TEVEL 7
1 51062U 22002CG  23001.94578428  .00012264  00000-0  60998-3 0  9993
2 51062  97.4603  70.7657 0010326  92.9770 352.2415 15.17722981 53488
0 TEVEL 1
1 51013U 22002AF  23001.93774561  .00012160  00000-0  60439-3 0  9999
2 51013  97.4588  70.7021 0010267  94.0006 353.3180 15.17747810 53489
0 AO-91
1 43017U 17073E   23001.92207716  .00006684  00000-0  49321-3 0  9999
2 43017  97.6528 252.9219 0241171 256.9795 100.4396 14.83194851276511
0 NEXUS
1 43937U 19003F   23001.82817005  .00023125  00000-0  63953-3 0  9998
2 43937  97.1108  32.9422 0018265 156.0346 204.1753 15.36849809220372
0 BREEZE-KM R/B
1 44909U 19096E   23001.77322422  .00000003  00000-0 -29681-4 0  9990
2 44909  82.5217  98.5298 0217026 215.8043 142.8346 12.79717421140920
0 NAYIF 1
1 42017U 17008BX  23001.71171330  .00034785  00000-0  77391-3 0  9996
2 42017  97.2445  70.6930 0002654 246.5124 113.5846 15.43564840327553
0 MT-CUBE-2
1 53106U 22080B   22354.08419093 -.00000003  00000-0  00000+0 0  9990
2 53106  70.1702  21.9397 0008914 226.9685 182.2049  6.42557326 10248
